[0.34105665015215997, 0.34105665015215997, 0.0] -> [0.6821133003043199, 0.6821133003043199] 
time_index: 1 
timedctx: [0.0] 
prior: [0.34105665015215997, 0.34105665015215997] 
posterior: [0.6821133003043199, 0.6821133003043199] 
diffusion: [1.0, 1.0] 
u_term: [0.34105665015215997, 0.34105665015215997] 
augmented_term: [0.11631963861301284]
