[0.34105665015215997, 0.34105665015215997, 0.0] -> [-0.10816067096757363, -0.10816067096757363] 
time_index: 1 
timedctx: [0.0] 
prior: [0.34105665015215997, 0.34105665015215997] 
posterior: [-0.10816067096757363, -0.10816067096757363] 
diffusion: [1.0, 1.0] 
u_term: [-0.4492173211197336, -0.4492173211197336] 
augmented_term: [0.20179620159398987]
